
1D QTM code with Gassian Basis 

analytic expression for matrix elements

system: Morse

Author :: Bing Gu


 test
initial normalization =**********
 z0 =   -2.7726136392623753        5.0213552067858358E-003
 z0 =   -2.1362175361944820        7.6477585077481198E-003
 z0 =   -1.4998214331265896        7.2316516898091087E-003
 z0 =   -1.1816233815926429        3.3356048776882800E-002
 z0 =  -0.86342533005869626        3.4654642616484106E-002
 z0 =  -0.54522727852475050        1.5449101710238616E-002
 z0 =  -0.22702922699080386       0.14844699391340280     
 z0 =    9.1168824543142790E-002  0.42992372363187470     
 z0 =   0.40936687607708944       0.49952400899428323     
 z0 =   0.72756492761103608        1.3324645277001874     
 z0 =    1.0457629791449818       0.54208475208283802     
 z0 =    1.3639610306789285       0.65163432933068477     
 z0 =    1.6821590822128751       0.15570887010185261     
 z0 =    2.0003571337468209        7.6616203870708124E-002
 z0 =    2.3185551852807675        1.1826176417107702E-002
Initial Conditions

variance =   0.176777
traj spacing =   0.318198
number of basis =     15
Kmax  =    500
dt    =   0.001000
kout  =      1
Mass  =   1.000000


Computing inital coefficients

numerical normalization =  0.941289
 final anal & numerical norm =    376489.82588195801        376489.84127637488     
