Initial Conditions

Ntraj   =  12800
Ndim    =      3
kmax    =   2000
dt      =   0.0010
fric    =   4.0000
Mass    =   0.400000E+01  0.400000E+01  0.400000E+01

Initial Wavepacket

alpha0   =   2.0000  2.0000  2.0000
center   =  -1.2000  0.0000  1.2000
momentum =   0.0000  0.0000  0.0000

interparticle distance =   1.8000

Expectation value of x(2,ntraj) =  -0.002846
Total Energy =   1.99025
MISSION COMPLETE.
