Initial Conditions

Ntraj   =  12800
Ndim    =      3
kmax    =   4000
dt      =   0.0010
fric    =   8.0000
Mass    =   0.100000E+01  0.100000E+01  0.100000E+01

Initial Wavepacket

alpha0   =   2.0000  2.0000  2.0000
center   =  -3.3333  0.0000  3.3333
momentum =   0.0000  0.0000  0.0000

interparticle distance =   5.0000

Expectation value of x(2,ntraj) =  -0.002846
Total Energy =   2.64493
MISSION COMPLETE.
